1,0.837022,0.706947,-0.563651,0.574897,0.697283,-0.444836,-0.414442,-0.507464,0.613925,0.414001,0.49503,0.539503,0.509078,0.473425,0.61838,0.412412,0.599159,0.502585,0.795227,0.748866,0.521091,0.456187,0.532815,-0.386184,0.385274,0.6475,0.328911,-0.2999,-0.421683,0.335889,0.61939,0.696512,0.751003,0.354478,0.672492,0.362606,0.328813,0.526451,0.691557,0.311791,-0.325799,0.790426,0.691324,0.778638,0.514299,0.557779,0.606038,-0.452966,-0.382122,0.622786,-0.250698,0.664948,0.546331,0.699301,0.729866,0.742903,0.67066,0.717692,0.629336,-0.386227,0.56509,0.666573,0.739729,0.680512,-0.414531,0.651115,0.520133,-0.435756,0.493261,-0.39735,0.404032,-0.335171,0.479456,0.364793,0.501898,0.495362,0.651462,-0.436891,0.373983,0.31882,0.62879,0.512767,0.411679,0.478662
0.837022,1,0.545142,-0.508884,0.50022,0.690738,-0.449422,0.517525,0.48628,0.516828,0.418518,0.564521,0.638935,0.684831,0.565883,0.703052,0.50624,0.616814,0.605162,0.726865,0.695648,0.546422,0.414311,0.681578,-0.506891,0.52426,0.70571,0.369673,0.429086,-0.401745,0.265657,0.541714,0.512715,0.828416,0.411746,0.646226,0.312871,0.283224,0.596692,0.760746,0.446609,0.549874,0.804816,0.819103,0.711267,0.442991,0.522649,0.657522,0.503571,0.316329,0.60888,0.423689,0.704961,0.64395,0.827634,0.821564,0.65947,0.846909,0.799705,0.680588,-0.286221,0.509578,0.67169,0.785605,0.618166,0.439029,0.704128,0.617577,-0.348121,0.557522,0.42024,0.427326,-0.386312,0.471265,0.524041,0.582377,0.443441,0.670676,0.382415,-0.339012,0.492835,0.73194,0.701973,0.415378,0.618421
0.706947,0.545142,1,0.735038,0.662409,0.498718,0.442034,0.467205,0.324469,0.544277,0.664697,0.526094,0.727333,-0.417176,0.392736,0.618078,0.694934,0.523451,-0.476149,0.63972,0.731437,0.473921,0.446442,0.549508,-0.417217,0.422856,0.609987,-0.251583,0.39192,-0.566839,-0.325465,0.436195,0.58937,0.575959,0.399506,0.526171,0.348071,0.357949,0.616083,0.463651,0.436761,0.212067,0.746552,0.605065,0.869299,0.712934,0.501355,0.449416,-0.536467,-0.313046,0.436984,0.394669,0.602803,-0.556142,0.544031,0.426224,0.456545,0.60102,0.75325,-0.240033,-0.416464,-0.443375,0.313968,0.491317,0.603317,-0.422214,-0.486842,0.582884,-0.347472,0.536163,-0.37946,0.48491,0.47967,-0.497116,-0.420959,-0.307801,0.439388,0.548568,0.411916,-0.344427,0.289955,0.502258,0.345356,0.511073,0.496288
-0.563651,-0.508884,0.735038,1,0.719696,-0.57936,0.404463,0.476776,0.545704,0.624216,0.695996,0.568479,0.696262,0.411199,0.487606,-0.528282,0.636365,-0.46986,0.481821,0.525999,0.785734,-0.331384,0.364894,0.574117,0.471803,-0.49229,0.60754,-0.481589,0.356491,-0.475941,0.326311,0.584057,0.647184,-0.488815,-0.454122,0.390529,-0.398284,-0.475072,0.662541,-0.525627,0.2862,-0.234589,0.575568,0.473073,0.651831,0.650648,0.42757,0.444547,-0.392898,-0.218644,0.390833,-0.425371,0.570228,-0.45467,0.420734,-0.517878,-0.54795,-0.5587,0.542035,0.423548,-0.282415,-0.47826,-0.507993,0.464431,0.788473,0.477159,-0.478411,0.62611,0.457326,0.545149,-0.527771,0.451819,0.530296,-0.587911,-0.294299,0.507721,0.634768,0.672232,-0.280695,0.398149,0.286126,0.570769,0.42106,-0.322929,0.512946
0.574897,0.50022,0.662409,0.719696,1,0.518252,0.355512,-0.468101,0.34808,0.534967,0.664218,0.563036,0.549241,-0.338668,-0.440383,0.38489,0.536072,0.32872,0.491306,0.632603,0.790795,-0.502698,0.426071,0.547256,-0.38274,-0.456547,0.46623,0.475639,0.384776,-0.382259,0.314581,0.54159,0.619851,0.510146,0.338883,-0.408569,-0.389962,0.41687,0.655473,-0.461662,-0.485663,0.321582,0.573865,0.497569,0.659341,0.561697,-0.504367,0.374202,-0.251467,-0.476409,0.576997,-0.550504,0.523257,-0.39115,0.44104,0.437676,-0.587177,0.427534,0.527254,-0.541695,-0.293761,-0.200981,0.584352,0.491876,0.682468,0.390225,-0.36193,0.654435,-0.300241,0.462988,-0.357131,0.476699,0.401707,0.507599,-0.366724,0.473877,0.610331,0.704995,0.270116,-0.266377,0.355447,0.554959,0.402695,-0.385,0.448839
0.697283,0.690738,0.498718,-0.57936,0.518252,1,-0.554781,0.463501,0.714234,-0.451407,0.408738,0.430576,-0.464986,0.634746,0.701708,0.545947,-0.370929,0.535939,0.572657,0.64315,0.663728,0.564429,-0.580986,-0.552899,-0.356743,-0.379629,-0.47529,-0.433833,0.457227,-0.364525,-0.222168,0.386028,0.63933,0.573295,-0.39551,0.355735,0.445925,0.481662,0.53546,0.84817,0.384633,-0.457233,0.534475,0.587656,0.691159,0.482346,0.643046,0.597346,0.591452,-0.475258,0.505858,-0.469281,0.595867,0.67552,0.642543,0.752858,0.651776,0.654119,0.542351,0.444664,0.401088,0.304435,0.746754,0.65931,0.726595,-0.343292,0.677662,0.663449,0.465386,0.494697,-0.384134,0.493779,0.480644,-0.58176,-0.347684,0.712655,0.474301,0.617638,-0.466511,0.480168,0.525355,0.576698,0.519917,0.1929,0.435239
-0.444836,-0.449422,0.442034,0.404463,0.355512,-0.554781,1,-0.418206,0.591891,0.316659,0.221703,0.366964,0.394087,-0.526991,-0.433778,0.428944,-0.262514,-0.507707,-0.294919,0.411564,0.522701,-0.336377,0.33199,-0.457169,0.449763,-0.414092,-0.373115,0.477054,-0.461769,0.516413,-0.261033,0.43038,0.258546,0.476431,-0.484404,-0.304089,-0.508204,-0.293456,-0.50164,-0.463897,-0.354037,-0.485268,0.47372,-0.445127,0.529169,0.40288,0.299149,0.568604,0.552885,-0.363131,-0.421568,-0.375166,-0.597079,-0.501461,-0.378892,-0.557083,0.461997,0.369873,0.311046,-0.302325,-0.432907,-0.521369,-0.353394,0.40433,0.460349,0.472736,-0.477693,0.562548,-0.321426,0.300565,-0.392174,-0.553412,-0.314912,-0.432277,-0.597424,-0.46249,-0.3286,0.442701,-0.369928,-0.30822,0.363705,-0.466395,-0.440492,-0.44333,-0.496643
-0.414442,0.517525,0.467205,0.476776,-0.468101,0.463501,-0.418206,1,-0.552108,0.426513,0.512584,0.635838,0.670634,0.541039,-0.508749,0.611333,0.625109,0.579892,-0.392462,-0.489224,-0.493954,0.546579,0.5516,-0.423064,-0.376835,-0.360849,0.568764,0.39792,0.365101,-0.361469,0.400979,-0.41741,-0.517825,0.525767,-0.350145,0.59933,-0.386945,0.315943,-0.518486,-0.407874,-0.568084,0.434236,0.54109,0.512558,0.548272,0.421172,0.607932,0.506042,-0.453038,-0.427523,0.406778,-0.395663,0.408564,0.469528,0.556044,0.568124,-0.523828,0.591841,0.592911,-0.281006,0.402769,0.4179,-0.511896,0.627361,-0.436011,-0.535394,0.546097,-0.519966,0.402,-0.441469,0.506951,-0.379981,-0.612418,-0.418596,-0.527129,-0.396309,0.407627,0.498937,-0.464121,-0.362294,-0.503119,-0.332358,0.400066,-0.422882,-0.460797
-0.507464,0.48628,0.324469,0.545704,0.34808,0.714234,0.591891,-0.552108,1,0.436587,0.250322,0.409128,0.442353,0.598756,0.690476,-0.401942,-0.320599,-0.441036,0.495252,-0.538264,0.585265,0.5247,0.547914,0.668595,0.332539,0.27563,-0.592183,-0.266396,0.404973,0.431118,0.265394,-0.410259,0.602739,0.562056,0.684923,-0.364993,0.453011,0.267254,0.635261,0.746031,0.439262,0.303024,0.438211,-0.533695,0.523744,0.653837,0.372247,-0.663253,0.383018,0.403589,-0.360743,0.464173,0.566446,-0.615332,0.465623,0.667965,0.547876,-0.42069,0.355356,0.370025,0.326499,-0.3807,0.756044,0.647094,0.725151,0.376552,0.4134,0.615927,-0.335861,-0.497872,0.42367,-0.396129,-0.49307,0.682747,-0.438655,0.748159,0.52652,0.642843,-0.377665,0.504342,0.446967,0.498001,0.545995,-0.353666,0.541949
0.613925,0.516828,0.544277,0.624216,0.534967,-0.451407,0.316659,0.426513,0.436587,1,0.78227,0.514497,0.795015,0.68921,0.665082,0.386934,0.62803,0.443404,0.622409,0.515306,0.622901,0.586996,0.570221,0.621754,-0.472302,-0.330093,0.624572,-0.429924,0.310559,-0.361097,0.292997,0.629733,0.716031,0.595055,0.487094,0.604188,0.435042,0.568827,0.638079,0.514448,-0.444797,-0.372689,0.579218,0.665498,0.536352,0.396095,0.543988,0.404296,-0.534751,-0.273525,0.412436,0.436374,0.64932,-0.562751,0.616769,0.429534,-0.506959,-0.360705,0.661238,0.384628,-0.277733,0.431085,0.580806,0.689708,0.678278,0.594852,0.491103,0.459686,-0.45618,0.509787,0.601941,0.585866,0.358169,0.73231,0.546954,0.542017,0.659624,0.657201,-0.410969,0.377512,0.413596,0.65831,0.628841,0.323577,0.63927
0.414001,0.418518,0.664697,0.695996,0.664218,0.408738,0.221703,0.512584,0.250322,0.78227,1,0.543872,0.816637,0.515912,0.484376,0.491865,0.767503,-0.306342,0.486039,0.502112,0.70848,-0.33563,0.343673,0.625784,-0.469993,-0.348436,0.59865,-0.495205,-0.293948,-0.342309,0.296918,0.534915,0.637736,0.587432,0.477553,0.519819,-0.382824,0.672969,0.688538,-0.381082,0.488304,0.359224,0.51314,0.602075,0.577801,0.540106,0.439999,0.313101,-0.440555,-0.293647,0.335717,0.427346,0.495752,0.320718,0.55443,-0.380555,-0.422473,0.459925,0.694129,-0.311833,0.281013,0.26501,-0.539159,0.540233,0.670331,0.448671,0.298823,0.558823,-0.411893,0.542039,0.538246,0.418635,0.535051,0.570534,0.369739,0.288136,0.643281,0.587315,0.381196,-0.236836,0.486221,0.623167,0.608016,0.376377,0.537397
0.49503,0.564521,0.526094,0.568479,0.563036,0.430576,0.366964,0.635838,0.409128,0.514497,0.543872,1,0.77251,0.446316,0.454266,0.812992,0.571627,0.426084,0.659558,0.608559,0.729854,-0.483776,0.344182,0.547812,-0.578075,-0.592147,0.691419,-0.33655,-0.445137,-0.386493,0.323634,0.578496,0.396004,0.577568,0.500356,0.595357,0.291969,-0.283701,0.688461,0.476701,-0.455283,-0.294388,0.684516,0.649272,0.487592,0.393772,0.476799,0.525282,0.375158,-0.380052,0.289938,-0.388997,0.432852,0.668545,0.710687,0.453344,0.646761,0.675114,0.662724,0.366026,-0.348777,-0.49715,0.53489,0.533529,0.461073,-0.438553,0.546824,0.613345,-0.49717,0.60195,0.390894,0.299298,0.303524,-0.534118,-0.439251,-0.324063,0.308469,0.518137,0.411645,0.3026,0.378008,0.430876,0.569961,0.41531,0.622988
0.539503,0.638935,0.727333,0.696262,0.549241,-0.464986,0.394087,0.670634,0.442353,0.795015,0.816637,0.77251,1,0.745099,0.640805,0.717605,0.856125,0.449561,0.678574,0.640652,0.819434,0.593047,0.57625,0.740767,-0.510253,-0.431532,0.782022,-0.454601,-0.338793,0.437732,0.196663,0.579659,0.6143,0.673078,0.555556,0.585914,-0.265701,0.662494,0.778386,0.52498,-0.532649,0.435593,0.760827,0.788112,0.740272,0.500859,0.67848,0.604805,-0.521822,-0.366723,0.358487,0.44194,0.679504,0.653495,0.774453,0.573508,0.464138,0.686921,0.804631,0.319808,-0.332575,0.248792,0.555649,0.688293,0.687999,0.503912,0.541745,0.734186,-0.452688,0.754694,0.684309,0.540676,0.498112,0.548249,-0.449285,-0.460194,0.592245,0.600425,0.554806,0.224732,-0.387711,0.751906,0.789895,0.38641,0.605357
0.509078,0.684831,-0.417176,0.411199,-0.338668,0.634746,-0.526991,0.541039,0.598756,0.68921,0.515912,0.446316,0.745099,1,0.755834,0.499303,0.570446,0.414385,0.628494,0.414276,0.586044,0.575611,0.737522,0.74746,0.387698,-0.432413,0.610594,0.535163,0.580241,0.722959,0.421743,0.5173,0.439037,0.614711,-0.488862,0.392945,0.3795,0.483043,0.518861,0.589132,0.409027,-0.440341,0.585751,0.705581,0.531665,-0.493286,0.52704,0.640274,-0.698576,0.445636,-0.482747,0.507664,0.504934,0.576673,0.575626,0.825956,0.47432,0.554713,0.580129,0.391894,-0.446042,0.295469,0.637906,0.699949,0.638603,-0.486537,0.671544,0.62069,-0.446612,0.520477,0.759405,-0.484183,-0.521299,0.670722,0.571807,0.74587,-0.541847,0.676498,-0.34954,-0.279095,0.398191,0.671026,0.695708,0.210219,-0.478102
0.473425,0.565883,0.392736,0.487606,-0.440383,0.701708,-0.433778,-0.508749,0.690476,0.665082,0.484376,0.454266,0.640805,0.755834,1,0.317229,0.549348,0.366468,0.668589,0.577721,0.583893,0.58937,0.568701,-0.603906,-0.351983,-0.404,0.572225,0.460282,0.475367,0.529732,0.321321,0.590645,0.584984,0.618915,0.520637,0.440856,0.391774,0.479686,0.559649,0.624305,0.482145,-0.414916,0.44937,0.584358,0.446844,-0.424219,0.598444,0.566871,0.540974,0.432407,-0.427527,0.588175,0.550235,0.665531,0.594768,0.653251,0.457949,0.477727,0.582055,0.408178,-0.312772,0.354943,0.809792,0.743901,0.750975,0.434259,0.517058,0.599403,-0.345146,0.554032,0.626729,0.526232,-0.543142,0.737316,-0.50947,0.702423,0.611168,0.695487,-0.345981,-0.30516,0.412571,0.694168,0.766555,-0.34265,0.589619
0.61838,0.703052,0.618078,-0.528282,0.38489,0.545947,0.428944,0.611333,-0.401942,0.386934,0.491865,0.812992,0.717605,0.499303,0.317229,1,0.492342,0.524617,0.500462,0.590785,0.67657,-0.443923,0.382044,0.505182,-0.523188,-0.497041,0.721759,-0.309201,0.34255,-0.426765,0.297604,0.496081,-0.54687,0.630068,-0.496961,0.613203,0.216143,0.197274,0.593174,0.529202,-0.362696,0.341847,0.740592,0.69677,0.616138,0.386272,0.481228,0.511883,0.576788,0.266523,0.3449,-0.394305,0.45459,0.670583,0.751046,0.608484,0.66127,0.850231,0.732319,0.30346,-0.352701,0.394525,0.377573,0.530525,0.398458,-0.538107,0.715691,0.487874,-0.44185,0.506657,0.351097,0.295048,-0.370221,-0.492031,-0.394174,0.22896,-0.356397,-0.47051,-0.422832,-0.261768,0.430403,0.37527,0.516431,0.387729,0.511898
0.412412,0.50624,0.694934,0.636365,0.536072,-0.370929,-0.262514,0.625109,-0.320599,0.62803,0.767503,0.571627,0.856125,0.570446,0.549348,0.492342,1,-0.504265,-0.55203,0.494648,0.691986,0.635412,0.514557,0.608653,-0.433224,-0.427457,0.597316,-0.516683,-0.380187,0.388277,0.248729,0.333424,0.605456,0.617796,0.416834,0.525756,-0.193368,0.630734,0.733045,0.439071,0.676278,0.396202,0.666445,0.590596,0.719589,0.465379,0.694085,0.53581,-0.453515,-0.360029,0.324424,0.45868,0.535941,0.463239,0.60575,0.424085,-0.401002,0.475658,0.683976,0.409297,-0.27577,0.341,0.471358,0.568262,0.652162,0.339063,-0.328439,0.630406,0.384298,0.690347,0.581153,0.45279,0.655445,0.4655,-0.43009,0.40225,0.524455,0.62488,0.596096,-0.395575,0.470959,0.702314,0.604097,-0.40332,0.326543
0.599159,0.616814,0.523451,-0.46986,0.32872,0.535939,-0.507707,0.579892,-0.441036,0.443404,-0.306342,0.426084,0.449561,0.414385,0.366468,0.524617,-0.504265,1,0.447348,0.509754,0.549348,-0.412039,0.442107,0.449436,-0.383285,0.381307,0.499902,-0.278131,0.558379,-0.393003,0.335512,0.423679,0.505098,0.543935,-0.364855,0.477447,0.413195,0.259067,0.379222,0.512832,0.447851,-0.357388,0.455361,0.48347,0.568021,0.438117,0.442816,0.451393,-0.528122,-0.328391,-0.376207,0.353198,0.404558,0.486572,0.474233,0.565532,0.433585,0.646812,0.568547,0.456728,-0.502056,0.475265,0.371876,0.660467,0.514766,-0.50681,0.550285,0.367815,-0.429933,0.414265,0.333822,0.374298,-0.542297,-0.432927,-0.506733,0.342636,-0.288748,-0.354584,-0.468298,-0.446544,0.313182,0.309753,0.384859,-0.532158,0.418833
0.502585,0.605162,-0.476149,0.481821,0.491306,0.572657,-0.294919,-0.392462,0.495252,0.622409,0.486039,0.659558,0.678574,0.628494,0.668589,0.500462,-0.55203,0.447348,1,0.555044,0.749885,-0.326628,0.48585,0.744998,-0.312623,-0.622242,0.69725,0.458295,0.401155,0.327442,0.624791,0.663388,0.428769,0.573704,0.397963,0.30957,0.318114,-0.542516,0.671032,0.549978,-0.346598,0.469173,0.62774,0.724052,0.449684,-0.413809,0.380995,0.505414,-0.45718,-0.291874,0.429176,0.5133,0.636201,0.635679,0.749039,0.47962,0.564807,0.570707,0.589851,0.362048,-0.528161,-0.330074,0.766588,0.664944,0.595567,0.482135,0.56679,0.753376,-0.460682,0.439964,0.71299,-0.41489,-0.380918,0.62014,-0.432694,0.634933,0.540701,0.689119,0.359553,-0.395654,-0.434286,0.680106,0.670462,-0.31036,0.635492
0.795227,0.726865,0.63972,0.525999,0.632603,0.64315,0.411564,-0.489224,-0.538264,0.515306,0.502112,0.608559,0.640652,0.414276,0.577721,0.590785,0.494648,0.509754,0.555044,1,0.773147,0.46578,-0.340607,0.685712,-0.408168,0.467593,0.559893,0.391239,0.400778,-0.3296,-0.377083,-0.540881,0.621935,0.74083,0.521526,0.421117,0.340599,0.346806,0.685485,0.708185,0.499213,0.328983,0.645308,0.717647,0.664241,0.668718,0.523712,0.526683,-0.535723,-0.407033,0.362579,-0.230216,0.634878,0.565578,0.703798,0.653175,0.758785,0.668319,0.719611,0.601618,-0.265509,0.443951,0.691147,0.767692,0.670287,-0.394729,0.585507,0.787286,-0.486655,0.497335,-0.381966,0.321496,0.393303,0.483088,-0.41916,-0.359387,0.478675,0.485015,-0.308665,0.527982,0.350079,0.61679,0.605754,0.438,0.553369
0.748866,0.695648,0.731437,0.785734,0.790795,0.663728,0.522701,-0.493954,0.585265,0.622901,0.70848,0.729854,0.819434,0.586044,0.583893,0.67657,0.691986,0.549348,0.749885,0.773147,1,0.43545,0.357527,0.75254,0.408451,-0.564581,0.751889,-0.462486,-0.405776,-0.44262,0.306154,0.570568,0.661418,0.757594,0.507099,0.450125,0.326054,0.444803,0.84491,0.626089,0.416922,0.43168,0.749527,0.772331,0.783423,0.650907,0.538986,0.601429,0.414575,-0.26673,0.540671,-0.389307,0.687974,0.58455,0.769989,-0.666389,0.608224,0.708205,0.726374,0.29779,-0.324115,0.38321,0.700986,0.678609,0.817197,0.446657,0.588395,0.851765,-0.51064,0.66686,0.511322,0.45854,-0.289011,0.617947,-0.35733,0.524403,0.64977,0.772561,-0.366409,-0.316134,0.263099,0.756812,0.664028,-0.285156,0.688
0.521091,0.546422,0.473921,-0.331384,-0.502698,0.564429,-0.336377,0.546579,0.5247,0.586996,-0.33563,-0.483776,0.593047,0.575611,0.58937,-0.443923,0.635412,-0.412039,-0.326628,0.46578,0.43545,1,0.491672,-0.529863,0.523811,-0.373232,0.404981,-0.295691,-0.376299,-0.371189,0.35444,-0.405204,0.606738,0.573031,-0.328843,0.617864,-0.315257,0.35827,0.54385,0.554069,0.597608,-0.245059,0.521244,-0.525687,0.580672,0.402145,0.712437,0.506577,0.571652,-0.398406,-0.358625,0.494113,0.434074,0.580594,0.529899,0.529262,0.374969,0.46319,0.562954,0.616365,0.228001,0.384414,0.529287,0.626234,0.482911,-0.343906,-0.490413,0.480682,0.365332,0.546684,0.392999,-0.306812,0.46176,0.549978,-0.52203,0.518592,0.510576,0.633563,-0.352325,0.377594,0.502244,0.577733,0.578505,0.336116,0.327644
0.456187,0.414311,0.446442,0.364894,0.426071,-0.580986,0.33199,0.5516,0.547914,0.570221,0.343673,0.344182,0.57625,0.737522,0.568701,0.382044,0.514557,0.442107,0.48585,-0.340607,0.357527,0.491672,1,0.610217,-0.401697,-0.429569,0.53087,-0.424419,-0.354218,-0.487263,0.339772,0.310902,-0.399425,-0.477187,0.376543,0.257429,-0.293755,0.467852,0.474437,0.507619,-0.388306,-0.44064,-0.430924,0.546941,-0.450951,-0.380357,0.423411,0.504692,0.492081,-0.396739,-0.588937,0.397065,-0.46442,-0.574243,-0.493888,0.479523,0.536362,-0.381134,0.409616,-0.400796,-0.400994,-0.389919,-0.558591,0.485264,0.473473,-0.540046,-0.568272,-0.468355,-0.319133,0.381842,0.722656,-0.594389,0.380463,0.512717,0.471362,0.529025,-0.52769,0.491062,-0.501279,0.297159,-0.515141,0.544488,0.555052,-0.39687,-0.411644
0.532815,0.681578,0.549508,0.574117,0.547256,-0.552899,-0.457169,-0.423064,0.668595,0.621754,0.625784,0.547812,0.740767,0.74746,-0.603906,0.505182,0.608653,0.449436,0.744998,0.685712,0.75254,-0.529863,0.610217,1,-0.424199,-0.459318,0.729655,0.477172,0.51112,0.497298,0.377097,0.562015,0.461665,0.740469,0.632461,0.333471,-0.229378,0.456723,0.704177,0.606215,0.371798,0.542179,0.647151,0.813757,0.636615,0.688275,-0.392801,0.635477,-0.546093,-0.358932,0.435934,0.403036,0.739469,-0.65002,0.631672,0.611399,0.464737,0.559737,0.627514,0.445253,0.520435,0.354754,0.630612,0.739056,0.702457,0.487332,0.598695,0.813721,-0.468648,0.426449,0.635832,0.537423,0.609456,0.61107,0.502318,-0.67674,0.60452,0.638085,-0.462824,0.368394,0.525095,0.713334,0.704233,0.277502,0.593607
-0.386184,-0.506891,-0.417217,0.471803,-0.38274,-0.356743,0.449763,-0.376835,0.332539,-0.472302,-0.469993,-0.578075,-0.510253,0.387698,-0.351983,-0.523188,-0.433224,-0.383285,-0.312623,-0.408168,0.408451,0.523811,-0.401697,-0.424199,1,0.573919,0.393966,0.540792,-0.472569,0.612528,-0.383997,-0.406314,0.373758,0.396957,-0.412308,-0.155288,-0.355871,-0.335893,-0.264795,0.239785,0.453117,-0.509724,-0.370948,-0.495169,-0.434997,-0.251894,-0.276368,-0.468593,-0.404361,-0.250726,0.186536,0.516912,-0.372997,-0.478538,-0.521763,-0.276907,0.400737,-0.435256,-0.421187,0.42128,0.267844,-0.541031,0.263994,-0.288109,-0.370144,-0.619142,-0.337856,-0.417326,0.353859,-0.330987,-0.440913,-0.308971,-0.425237,0.469407,0.385976,0.334472,-0.364776,0.434801,-0.474303,0.230603,-0.548474,-0.435262,-0.372206,0.32685,-0.355912
0.385274,0.52426,0.422856,-0.49229,-0.456547,-0.379629,-0.414092,-0.360849,0.27563,-0.330093,-0.348436,-0.592147,-0.431532,-0.432413,-0.404,-0.497041,-0.427457,0.381307,-0.622242,0.467593,-0.564581,-0.373232,-0.429569,-0.459318,0.573919,1,0.410325,0.545327,-0.32309,-0.466222,-0.450994,-0.48377,-0.21618,0.438781,0.394902,-0.348693,-0.325269,-0.313454,-0.423606,-0.381556,-0.327138,0.353914,-0.439908,0.470763,0.386979,-0.369209,-0.540619,-0.615267,-0.499439,0.356136,-0.284647,-0.465815,-0.368108,0.458443,0.412254,0.243432,-0.438825,-0.606192,0.410682,-0.335395,0.402356,-0.208487,0.274321,-0.30377,-0.392172,-0.543523,0.408763,0.505514,0.468005,-0.444899,-0.50648,0.236561,-0.484345,0.393698,0.336928,-0.455574,-0.367027,-0.331308,0.37407,-0.303052,0.40029,-0.313406,0.441956,-0.24271,-0.462058
0.6475,0.70571,0.609987,0.60754,0.46623,-0.47529,-0.373115,0.568764,-0.592183,0.624572,0.59865,0.691419,0.782022,0.610594,0.572225,0.721759,0.597316,0.499902,0.69725,0.559893,0.751889,0.404981,0.53087,0.729655,0.393966,0.410325,1,-0.298675,-0.253304,-0.287575,0.356043,0.747669,0.503145,0.737162,0.631074,0.535639,0.260637,0.549268,0.724056,0.559079,0.367648,0.384791,0.803246,0.799453,0.700901,0.531882,0.536746,0.689955,-0.354636,-0.408271,-0.442456,-0.296226,0.663284,0.567457,0.798539,0.507043,0.470367,0.755711,0.7692,0.403897,-0.398688,-0.319072,0.586741,0.763874,0.59637,-0.30574,0.610001,0.587958,-0.542617,0.628997,0.642133,0.407972,-0.373296,0.432377,0.444863,-0.584876,0.455579,0.648137,-0.642376,-0.382027,0.383779,0.715283,0.691336,-0.537167,0.603401
0.328911,0.369673,-0.251583,-0.481589,0.475639,-0.433833,0.477054,0.39792,-0.266396,-0.429924,-0.495205,-0.33655,-0.454601,0.535163,0.460282,-0.309201,-0.516683,-0.278131,0.458295,0.391239,-0.462486,-0.295691,-0.424419,0.477172,0.540792,0.545327,-0.298675,1,-0.351332,0.635261,0.270946,0.365373,-0.447203,0.285447,-0.334366,-0.351312,-0.226568,-0.509649,-0.521077,0.378173,-0.28984,-0.421129,0.382512,0.387164,-0.436043,-0.302239,-0.423637,-0.337797,-0.438504,0.344272,0.288472,-0.516738,-0.542458,-0.330176,-0.411487,0.287628,0.349404,-0.396177,0.376942,0.307903,-0.383369,-0.322401,-0.362676,0.369153,-0.505718,-0.54645,0.304948,0.463905,-0.246213,-0.604023,0.544551,-0.484472,0.421199,-0.362315,0.327067,0.363371,-0.650894,-0.414825,0.41574,-0.373589,-0.384146,-0.581778,-0.507877,-0.259538,-0.469912
-0.2999,0.429086,0.39192,0.356491,0.384776,0.457227,-0.461769,0.365101,0.404973,0.310559,-0.293948,-0.445137,-0.338793,0.580241,0.475367,0.34255,-0.380187,0.558379,0.401155,0.400778,-0.405776,-0.376299,-0.354218,0.51112,-0.472569,-0.32309,-0.253304,-0.351332,1,-0.427528,0.357819,0.354584,0.421351,-0.403141,0.136733,0.314036,0.415809,-0.266387,0.297775,0.500073,-0.388137,0.601701,0.345343,-0.35001,0.291707,0.407973,-0.301239,0.325255,-0.696057,-0.362389,0.300657,-0.446922,0.322591,-0.32271,-0.209854,-0.473617,0.306623,0.313072,0.259114,-0.613275,0.313695,0.446521,0.402801,0.419286,0.524599,-0.345254,0.494403,0.36601,-0.303302,-0.298371,-0.420541,0.372865,0.414549,0.50952,0.5064,-0.454375,0.410314,-0.288792,0.291413,0.362192,0.422972,-0.263211,-0.350343,0.310107,0.332695
-0.421683,-0.401745,-0.566839,-0.475941,-0.382259,-0.364525,0.516413,-0.361469,0.431118,-0.361097,-0.342309,-0.386493,0.437732,0.722959,0.529732,-0.426765,0.388277,-0.393003,0.327442,-0.3296,-0.44262,-0.371189,-0.487263,0.497298,0.612528,-0.466222,-0.287575,0.635261,-0.427528,1,0.39868,-0.398253,0.298354,0.302129,0.252941,-0.373226,-0.374987,-0.328478,-0.269536,-0.271261,-0.43768,-0.388327,-0.465097,-0.432252,-0.449817,-0.223972,-0.244376,-0.350197,0.612024,-0.46663,-0.501706,0.536959,-0.394589,-0.24322,-0.305551,0.505526,-0.386918,-0.401123,-0.491865,-0.496651,-0.376121,-0.361336,0.306193,0.370144,0.43126,0.451463,-0.504526,-0.401393,0.278498,-0.284705,0.616083,-0.264536,0.486027,0.439256,-0.380065,0.547334,-0.372955,0.493793,0.430529,0.323246,0.50722,0.386104,-0.519784,-0.424609,-0.399556
0.335889,0.265657,-0.325465,0.326311,0.314581,-0.222168,-0.261033,0.400979,0.265394,0.292997,0.296918,0.323634,0.196663,0.421743,0.321321,0.297604,0.248729,0.335512,0.624791,-0.377083,0.306154,0.35444,0.339772,0.377097,-0.383997,-0.450994,0.356043,0.270946,0.357819,0.39868,1,-0.549871,0.34747,-0.273133,-0.365379,0.388636,0.260795,-0.459892,0.294501,0.17143,0.23138,-0.31557,0.362395,0.420971,0.313062,-0.438052,0.318621,0.324906,-0.225301,0.338645,-0.453001,0.410761,0.256843,0.281177,0.26251,-0.263571,-0.373504,0.366092,0.271597,-0.355919,0.415742,0.371556,0.396305,0.283119,0.215792,-0.468967,0.613406,0.324269,0.302234,0.416876,0.517246,0.33011,0.332396,0.337623,-0.542092,0.501999,0.381364,0.369544,-0.417797,0.503403,0.419008,-0.345741,0.308513,-0.373649,-0.413039
0.61939,0.541714,0.436195,0.584057,0.54159,0.386028,0.43038,-0.41741,-0.410259,0.629733,0.534915,0.578496,0.579659,0.5173,0.590645,0.496081,0.333424,0.423679,0.663388,-0.540881,0.570568,-0.405204,0.310902,0.562015,-0.406314,-0.48377,0.747669,0.365373,0.354584,-0.398253,-0.549871,1,0.486398,0.460757,0.467075,0.582784,-0.367095,-0.477279,0.527628,0.463062,0.430824,0.289858,0.620104,0.60392,0.335985,0.412612,-0.492455,-0.436456,-0.349799,0.337906,-0.380463,-0.433497,0.498361,0.346165,0.593197,-0.390016,-0.456703,0.565332,0.597216,0.41975,-0.273777,-0.307646,0.579506,0.609206,0.56287,0.557642,0.447204,0.379537,-0.541766,0.356173,0.539426,0.358502,0.416388,-0.434472,0.351357,0.452766,0.486006,0.419261,0.441897,-0.626095,0.300109,0.546672,0.709545,0.541465,0.605248
0.696512,0.512715,0.58937,0.647184,0.619851,0.63933,0.258546,-0.517825,0.602739,0.716031,0.637736,0.396004,0.6143,0.439037,0.584984,-0.54687,0.605456,0.505098,0.428769,0.621935,0.661418,0.606738,-0.399425,0.461665,0.373758,-0.21618,0.503145,-0.447203,0.421351,0.298354,0.34747,0.486398,1,0.6532,0.493681,0.587971,0.479033,0.390166,0.716975,0.728402,-0.519091,-0.288963,0.517522,0.52061,0.644631,0.605101,0.58603,0.464982,-0.358829,-0.393573,0.542392,0.480955,0.553716,-0.422266,0.634808,-0.524827,-0.524978,0.470015,0.636163,0.540488,0.312859,0.259261,0.720523,0.684161,0.739947,0.426284,0.402062,0.478335,0.342457,0.486932,-0.364388,0.49507,0.331541,0.71909,0.529036,0.524129,0.669773,0.737104,-0.385774,0.469995,0.528417,0.656399,0.423247,-0.538507,-0.473475
0.751003,0.828416,0.575959,-0.488815,0.510146,0.573295,0.476431,0.525767,0.562056,0.595055,0.587432,0.577568,0.673078,0.614711,0.618915,0.630068,0.617796,0.543935,0.573704,0.74083,0.757594,0.573031,-0.477187,0.740469,0.396957,0.438781,0.737162,0.285447,-0.403141,0.302129,-0.273133,0.460757,0.6532,1,0.499986,0.606084,-0.318388,0.503881,0.811574,0.72906,0.567015,0.593625,0.715006,0.769002,0.725647,0.610809,0.584134,0.621203,0.464247,-0.378805,-0.515078,0.385507,0.764329,0.656895,0.801688,0.708493,0.608026,0.712034,0.738361,0.589584,-0.37003,0.337226,0.729876,0.845089,0.684758,0.341358,0.737791,0.677632,-0.375201,0.493369,0.397855,0.489857,0.387957,-0.433092,0.611713,-0.401665,0.572844,0.659348,-0.544659,0.354773,0.554618,0.749438,0.622919,0.366843,0.682037
0.354478,0.411746,0.399506,-0.454122,0.338883,-0.39551,-0.484404,-0.350145,0.684923,0.487094,0.477553,0.500356,0.555556,-0.488862,0.520637,-0.496961,0.416834,-0.364855,0.397963,0.521526,0.507099,-0.328843,0.376543,0.632461,-0.412308,0.394902,0.631074,-0.334366,0.136733,0.252941,-0.365379,0.467075,0.493681,0.499986,1,-0.345944,0.319276,0.421053,0.668391,0.511443,-0.263621,0.29707,0.450307,0.496629,0.453697,0.558437,0.337573,-0.499056,-0.458936,-0.48553,-0.248741,-0.170103,0.414457,-0.491613,0.463356,-0.473072,-0.454445,-0.447503,0.380184,0.271241,-0.47215,-0.219806,0.500273,0.415139,0.479553,0.31627,-0.299809,-0.494471,-0.459268,-0.569049,0.381831,-0.26142,0.297161,0.53434,-0.4382,-0.554447,0.483585,0.400981,0.346672,0.42806,0.298591,0.394249,0.570832,0.44445,0.560687
0.672492,0.646226,0.526171,0.390529,-0.408569,0.355735,-0.304089,0.59933,-0.364993,0.604188,0.519819,0.595357,0.585914,0.392945,0.440856,0.613203,0.525756,0.477447,0.30957,0.421117,0.450125,0.617864,0.257429,0.333471,-0.155288,-0.348693,0.535639,-0.351312,0.314036,-0.373226,0.388636,0.582784,0.587971,0.606084,-0.345944,1,-0.348773,0.405722,0.563133,0.460109,-0.450902,-0.336897,0.715646,0.453988,0.539287,0.284007,0.606727,0.528563,-0.326584,-0.388153,-0.531977,-0.534137,0.527516,0.472859,0.551938,0.494356,0.407507,0.550968,0.645001,0.618063,-0.233068,-0.320906,0.454853,0.619316,0.37284,-0.642047,0.359775,0.180888,-0.46366,0.457668,-0.409656,0.521318,-0.327254,-0.400829,-0.522372,0.351042,0.415567,0.469548,-0.456261,0.305871,0.344962,0.48451,0.553135,0.573706,0.484424
0.362606,0.312871,0.348071,-0.398284,-0.389962,0.445925,-0.508204,-0.386945,0.453011,0.435042,-0.382824,0.291969,-0.265701,0.3795,0.391774,0.216143,-0.193368,0.413195,0.318114,0.340599,0.326054,-0.315257,-0.293755,-0.229378,-0.355871,-0.325269,0.260637,-0.226568,0.415809,-0.374987,0.260795,-0.367095,0.479033,-0.318388,0.319276,-0.348773,1,-0.336866,-0.277912,0.378195,-0.41193,-0.189315,0.3093,-0.280577,-0.389419,-0.325871,0.325144,0.329305,0.518997,0.509723,-0.417976,0.344239,-0.439048,0.290535,-0.314542,0.448029,0.302644,0.309488,-0.295984,-0.325826,0.281586,0.551908,0.454505,0.288605,-0.496081,0.409015,-0.257242,-0.333516,-0.348411,0.437557,-0.265726,-0.489207,-0.334278,-0.421042,-0.390251,0.276606,-0.432292,0.393167,-0.247083,-0.398866,-0.488627,-0.543041,-0.346529,-0.304754,-0.362049
0.328813,0.283224,0.357949,-0.475072,0.41687,0.481662,-0.293456,0.315943,0.267254,0.568827,0.672969,-0.283701,0.662494,0.483043,0.479686,0.197274,0.630734,0.259067,-0.542516,0.346806,0.444803,0.35827,0.467852,0.456723,-0.335893,-0.313454,0.549268,-0.509649,-0.266387,-0.328478,-0.459892,-0.477279,0.390166,0.503881,0.421053,0.405722,-0.336866,1,0.502931,0.35756,0.392378,-0.327382,0.387059,0.48935,0.444913,0.357185,-0.415024,0.279259,-0.435368,-0.260238,0.331106,0.377911,0.407564,0.431333,0.424067,0.215538,-0.370897,0.415905,0.505906,0.22008,0.372296,0.205616,-0.481534,0.474495,0.54149,-0.361125,0.334198,0.397924,-0.267975,0.52515,0.485509,0.520699,0.550165,-0.349137,0.502201,-0.50805,0.483075,0.49661,0.452259,-0.358587,0.455381,0.647463,0.510136,0.38324,0.35541
0.526451,0.596692,0.616083,0.662541,0.655473,0.53546,-0.50164,-0.518486,0.635261,0.638079,0.688538,0.688461,0.778386,0.518861,0.559649,0.593174,0.733045,0.379222,0.671032,0.685485,0.84491,0.54385,0.474437,0.704177,-0.264795,-0.423606,0.724056,-0.521077,0.297775,-0.269536,0.294501,0.527628,0.716975,0.811574,0.668391,0.563133,-0.277912,0.502931,1,0.7036,0.464661,0.526872,0.711035,0.641618,0.753102,0.579051,0.549367,0.659932,-0.412589,-0.450391,0.415377,0.425438,0.671066,0.644076,0.76053,0.614196,0.619064,0.609277,0.684713,0.396965,-0.281576,0.310709,0.775961,0.736438,0.799851,0.380465,0.377832,0.774851,-0.363496,0.702604,0.532024,0.561632,0.361313,0.652025,0.465883,0.50249,0.729389,0.684345,-0.427493,-0.286385,0.447807,0.747611,0.716604,0.361906,0.692621
0.691557,0.760746,0.463651,-0.525627,-0.461662,0.84817,-0.463897,-0.407874,0.746031,0.514448,-0.381082,0.476701,0.52498,0.589132,0.624305,0.529202,0.439071,0.512832,0.549978,0.708185,0.626089,0.554069,0.507619,0.606215,0.239785,-0.381556,0.559079,0.378173,0.500073,-0.271261,0.17143,0.463062,0.728402,0.72906,0.511443,0.460109,0.378195,0.35756,0.7036,1,0.343206,0.452342,0.586547,0.671867,0.672905,0.46714,0.509078,0.598474,-0.40902,-0.495108,0.459186,0.374797,0.637127,0.674051,0.695732,0.771474,0.651774,0.598304,0.584026,0.672666,-0.283158,-0.3212,0.748348,0.743908,0.659936,0.292051,0.528898,0.682461,-0.361631,0.491488,0.392597,0.452791,0.380408,0.581875,0.422864,0.584108,0.48794,0.555185,-0.378614,0.36603,0.343648,0.64938,0.565234,0.362324,0.487896
0.311791,0.446609,0.436761,0.2862,-0.485663,0.384633,-0.354037,-0.568084,0.439262,-0.444797,0.488304,-0.455283,-0.532649,0.409027,0.482145,-0.362696,0.676278,0.447851,-0.346598,0.499213,0.416922,0.597608,-0.388306,0.371798,0.453117,-0.327138,0.367648,-0.28984,-0.388137,-0.43768,0.23138,0.430824,-0.519091,0.567015,-0.263621,-0.450902,-0.41193,0.392378,0.464661,0.343206,1,-0.428756,-0.464725,0.345105,0.546431,0.472652,0.607008,0.419199,-0.535114,-0.492913,0.495181,0.387583,0.21153,0.377589,0.32338,0.595359,0.48437,0.310833,0.43406,-0.39567,-0.350819,0.352164,0.440255,0.497705,0.482988,-0.432951,-0.402925,0.437929,0.359901,0.484272,-0.299315,0.168101,0.554463,0.418484,0.435898,-0.392285,0.379695,0.510824,0.379934,0.503141,0.617489,0.399947,-0.478033,-0.508343,0.399417
-0.325799,0.549874,0.212067,-0.234589,0.321582,-0.457233,-0.485268,0.434236,0.303024,-0.372689,0.359224,-0.294388,0.435593,-0.440341,-0.414916,0.341847,0.396202,-0.357388,0.469173,0.328983,0.43168,-0.245059,-0.44064,0.542179,-0.509724,0.353914,0.384791,-0.421129,0.601701,-0.388327,-0.31557,0.289858,-0.288963,0.593625,0.29707,-0.336897,-0.189315,-0.327382,0.526872,0.452342,-0.428756,1,0.419775,-0.440993,0.354438,0.347963,-0.551593,-0.431209,-0.357396,-0.455197,0.369062,-0.490529,0.490166,-0.532186,-0.443881,0.44057,-0.411564,0.456468,0.424262,0.43099,0.386872,0.434014,-0.464488,-0.424068,-0.440393,0.431945,-0.443067,0.467171,-0.308669,-0.465205,0.367968,0.567541,-0.335835,-0.504347,0.394888,0.380075,0.487098,-0.414212,0.374766,-0.184373,0.463566,0.464485,0.490806,-0.367163,0.542656
0.790426,0.804816,0.746552,0.575568,0.573865,0.534475,0.47372,0.54109,0.438211,0.579218,0.51314,0.684516,0.760827,0.585751,0.44937,0.740592,0.666445,0.455361,0.62774,0.645308,0.749527,0.521244,-0.430924,0.647151,-0.370948,-0.439908,0.803246,0.382512,0.345343,-0.465097,0.362395,0.620104,0.517522,0.715006,0.450307,0.715646,0.3093,0.387059,0.711035,0.586547,-0.464725,0.419775,1,0.785345,0.860628,0.367099,0.540545,0.70975,-0.374926,-0.314855,0.583496,-0.347127,0.689388,0.466834,0.738478,0.638923,0.632255,0.753542,0.839743,0.560781,-0.370898,-0.477787,0.549607,0.721291,0.626573,0.533421,0.575464,0.647136,-0.479025,0.621332,0.432027,0.627994,0.32903,-0.417314,-0.543102,0.465839,0.491621,0.680651,0.503552,-0.341327,0.527341,0.689114,0.687571,0.500806,0.576911
0.691324,0.819103,0.605065,0.473073,0.497569,0.587656,-0.445127,0.512558,-0.533695,0.665498,0.602075,0.649272,0.788112,0.705581,0.584358,0.69677,0.590596,0.48347,0.724052,0.717647,0.772331,-0.525687,0.546941,0.813757,-0.495169,0.470763,0.799453,0.387164,-0.35001,-0.432252,0.420971,0.60392,0.52061,0.769002,0.496629,0.453988,-0.280577,0.48935,0.641618,0.671867,0.345105,-0.440993,0.785345,1,0.678691,0.443919,0.436237,0.620504,-0.542113,0.266829,0.527252,0.372068,0.652154,0.601675,0.828322,0.644068,0.525766,0.789286,0.82491,0.458831,-0.317119,0.42291,0.5945,0.77045,0.632925,-0.478028,0.738037,0.700653,-0.48549,0.49365,0.650834,0.415075,-0.410351,0.589585,0.594832,-0.523656,0.424622,0.643794,-0.494214,0.411883,0.554594,0.709805,0.665113,-0.319652,0.598584
0.778638,0.711267,0.869299,0.651831,0.659341,0.691159,0.529169,0.548272,0.523744,0.536352,0.577801,0.487592,0.740272,0.531665,0.446844,0.616138,0.719589,0.568021,0.449684,0.664241,0.783423,0.580672,-0.450951,0.636615,-0.434997,0.386979,0.700901,-0.436043,0.291707,-0.449817,0.313062,0.335985,0.644631,0.725647,0.453697,0.539287,-0.389419,0.444913,0.753102,0.672905,0.546431,0.354438,0.860628,0.678691,1,0.719128,0.651107,0.701304,-0.460434,-0.434146,0.540075,0.432972,0.675326,0.442847,0.711765,0.685364,0.542774,0.716351,0.818921,0.439499,-0.340373,0.548107,0.491291,0.695161,0.769282,-0.457159,0.493774,0.747979,-0.410032,0.640554,-0.409268,0.5497,0.456115,-0.457403,-0.477236,-0.521658,0.580397,0.678832,0.374411,-0.374076,0.335824,0.695355,0.471064,-0.336114,0.41992
0.514299,0.442991,0.712934,0.650648,0.561697,0.482346,0.40288,0.421172,0.653837,0.396095,0.540106,0.393772,0.500859,-0.493286,-0.424219,0.386272,0.465379,0.438117,-0.413809,0.668718,0.650907,0.402145,-0.380357,0.688275,-0.251894,-0.369209,0.531882,-0.302239,0.407973,-0.223972,-0.438052,0.412612,0.605101,0.610809,0.558437,0.284007,-0.325871,0.357185,0.579051,0.46714,0.472652,0.347963,0.367099,0.443919,0.719128,1,0.417359,0.446901,0.326575,-0.334468,0.484689,0.391006,0.584916,0.561731,0.459571,-0.589532,0.433265,0.495647,0.49256,-0.323395,-0.437091,0.417658,-0.428187,0.576555,0.668703,0.24588,0.455108,0.615141,-0.444335,0.45477,0.315568,-0.503595,0.531061,0.482961,-0.322775,-0.504872,0.478285,0.511145,0.335426,-0.410629,0.356572,-0.435256,-0.447859,0.363464,0.458886
0.557779,0.522649,0.501355,0.42757,-0.504367,0.643046,0.299149,0.607932,0.372247,0.543988,0.439999,0.476799,0.67848,0.52704,0.598444,0.481228,0.694085,0.442816,0.380995,0.523712,0.538986,0.712437,0.423411,-0.392801,-0.276368,-0.540619,0.536746,-0.423637,-0.301239,-0.244376,0.318621,-0.492455,0.58603,0.584134,0.337573,0.606727,0.325144,-0.415024,0.549367,0.509078,0.607008,-0.551593,0.540545,0.436237,0.651107,0.417359,1,0.681837,-0.434185,-0.408272,-0.469189,0.341022,0.404026,0.655573,0.63439,0.56311,0.532416,0.607334,0.676157,0.400901,-0.396717,0.350554,0.515541,0.625374,0.603741,-0.37386,0.509803,0.52766,-0.430281,0.703265,0.276635,0.446373,-0.287254,-0.533551,-0.386761,0.327017,0.494019,0.450508,-0.381146,0.369523,0.338738,0.64497,0.515189,-0.359872,0.396038
0.606038,0.657522,0.449416,0.444547,0.374202,0.597346,0.568604,0.506042,-0.663253,0.404296,0.313101,0.525282,0.604805,0.640274,0.566871,0.511883,0.53581,0.451393,0.505414,0.526683,0.601429,0.506577,0.504692,0.635477,-0.468593,-0.615267,0.689955,-0.337797,0.325255,-0.350197,0.324906,-0.436456,0.464982,0.621203,-0.499056,0.528563,0.329305,0.279259,0.659932,0.598474,0.419199,-0.431209,0.70975,0.620504,0.701304,0.446901,0.681837,1,0.294023,-0.272468,0.426302,0.295158,0.603139,0.622338,0.615079,0.738186,0.644368,0.493422,0.576776,0.526953,-0.406781,0.33113,0.589635,0.716633,0.639209,-0.361685,0.49883,0.683587,-0.494261,0.636492,-0.298251,0.483775,0.364698,-0.524412,-0.512136,0.615435,0.404547,0.674155,-0.446324,0.335898,0.254144,0.642776,0.522568,-0.350405,0.441129
-0.452966,0.503571,-0.536467,-0.392898,-0.251467,0.591452,0.552885,-0.453038,0.383018,-0.534751,-0.440555,0.375158,-0.521822,-0.698576,0.540974,0.576788,-0.453515,-0.528122,-0.45718,-0.535723,0.414575,0.571652,0.492081,-0.546093,-0.404361,-0.499439,-0.354636,-0.438504,-0.696057,0.612024,-0.225301,-0.349799,-0.358829,0.464247,-0.458936,-0.326584,0.518997,-0.435368,-0.412589,-0.40902,-0.535114,-0.357396,-0.374926,-0.542113,-0.460434,0.326575,-0.434185,0.294023,1,0.581363,-0.338521,-0.599731,-0.475765,0.592346,0.554451,-0.596885,0.297779,0.593847,-0.458407,0.641054,0.292626,-0.351309,-0.429242,0.563396,-0.508998,-0.346143,0.458338,-0.510179,0.321635,-0.387642,-0.54196,0.493699,-0.51733,-0.613508,0.491186,0.438708,-0.514727,-0.349987,-0.34494,-0.448769,0.461538,-0.505781,-0.52565,-0.234455,-0.601454
-0.382122,0.316329,-0.313046,-0.218644,-0.476409,-0.475258,-0.363131,-0.427523,0.403589,-0.273525,-0.293647,-0.380052,-0.366723,0.445636,0.432407,0.266523,-0.360029,-0.328391,-0.291874,-0.407033,-0.26673,-0.398406,-0.396739,-0.358932,-0.250726,0.356136,-0.408271,0.344272,-0.362389,-0.46663,0.338645,0.337906,-0.393573,-0.378805,-0.48553,-0.388153,0.509723,-0.260238,-0.450391,-0.495108,-0.492913,-0.455197,-0.314855,0.266829,-0.434146,-0.334468,-0.408272,-0.272468,0.581363,1,0.314233,-0.372528,-0.448168,0.320149,-0.297544,0.37709,0.327706,0.287489,-0.304996,0.330294,0.364878,-0.409975,0.388758,0.343007,0.375794,-0.294339,0.335661,0.269356,0.368894,-0.424948,0.330228,0.421282,-0.393527,-0.430547,0.353151,-0.371891,0.409584,-0.288638,0.332791,-0.389487,-0.337567,-0.31567,-0.265284,0.448932,-0.398462
0.622786,0.60888,0.436984,0.390833,0.576997,0.505858,-0.421568,0.406778,-0.360743,0.412436,0.335717,0.289938,0.358487,-0.482747,-0.427527,0.3449,0.324424,-0.376207,0.429176,0.362579,0.540671,-0.358625,-0.588937,0.435934,0.186536,-0.284647,-0.442456,0.288472,0.300657,-0.501706,-0.453001,-0.380463,0.542392,-0.515078,-0.248741,-0.531977,-0.417976,0.331106,0.415377,0.459186,0.495181,0.369062,0.583496,0.527252,0.540075,0.484689,-0.469189,0.426302,-0.338521,0.314233,1,0.508099,0.489858,-0.501159,0.401044,0.530775,0.491956,0.410255,0.456342,0.32041,0.349629,0.39689,0.508305,0.362379,0.477434,0.559804,-0.499423,-0.449426,-0.440294,-0.34763,-0.342128,0.524404,0.438476,0.401243,0.302657,0.519309,-0.420244,0.564472,0.4372,-0.44618,0.395655,0.530943,-0.39959,0.373839,-0.447237
